pixels_2D_cam_603_2018_02_13 = [] ;
points_3D_cam_603_2018_02_13 = [] ;

% 2018_02_13_13_49_34 : 
pixels_2D_cam_603_2018_02_13=[  pixels_2D_cam_603_2018_02_13 ; ...
	151.87063428466817 , 41.80764669869169 ;	183.69968540042873 , 80.73091250646425 ; ]; 
% 2018_02_13_13_49_34 : 
 points_3D_cam_603_2018_02_13 = [   points_3D_cam_603_2018_02_13  ;  ...  
	16.94889398379788 , -2.1723593261260308 , 0.6450000000000001 ;	16.94889398379788 , -2.1723593261260308 , 0.6450000000000001 ; ]; 

% 2018_02_13_14_22_00 : 
pixels_2D_cam_603_2018_02_13=[  pixels_2D_cam_603_2018_02_13 ; ...
	283.9630633921947 , 253.7469943355897 ;	215.29681655990137 , 191.59010008900086 ;	197.62582438901683 , 175.61083350402834 ;	165.25557137738664 , 149.73559556198558 ;	146.02748824930725 , 136.86794526236048 ;	114.9397264167438 , 140.41553933720868 ;	110.91476985231238 , 94.2498281344162 ;	134.4937478327201 , 90.6611451535332 ;	171.48116568506288 , 98.86000109635596 ;	211.83860001279288 , 111.12248156836299 ;	253.18745218712525 , 128.47957618001416 ;	250.47805294882414 , 134.275818481531 ;	280.09388388628423 , 148.38105838208605 ;	281.02267122091587 , 185.1836616752133 ;	325.4563386895793 , 170.18354444826693 ;	301.8987036963052 , 196.32757901732919 ;	254.3060324351829 , 256.5828147173296 ;	214.44339780380582 , 221.06351272787373 ;	150.16233184203733 , 163.94025004558839 ;	216.96198628505496 , 153.26884178057537 ;	256.15244254292986 , 175.61096986110653 ;	155.64065461479385 , 255.64133818102337 ; ]; 
% 2018_02_13_14_22_00 : 
 points_3D_cam_603_2018_02_13 = [   points_3D_cam_603_2018_02_13  ;  ...  
	2.2805177137104407 , 0.854820463270396 , 0.6449999999999999 ;	2.3495226371627354 , 1.3551774162027492 , 0.645 ;	2.3597011532265317 , 1.5626803415015502 , 0.6449999999999999 ;	2.380267485378968 , 1.9775255251136912 , 0.645 ;	2.370649971964656 , 2.1733825649119094 , 0.645 ;	2.1126447543666838 , 2.3304785910632115 , 0.6450000000000001 ;	2.747110777221334 , 3.148356510090081 , 0.645 ;	2.993442967679999 , 3.0470138101979374 , 0.645 ;	3.092703552401118 , 2.5369650723470887 , 0.645 ;	3.160140356548128 , 2.111730434798945 , 0.645 ;	3.1339125181940464 , 1.6158178617470196 , 0.645 ;	3.0452857887970373 , 1.528456994038181 , 0.645 ;	3.0425206799571374 , 1.2595714872237482 , 0.6449999999999999 ;	3.042619123055785 , 1.2011455486320868 , 0.3549999999999999 ;	3.020856895193806 , 0.8866269313416101 , 0.6450000000000001 ;	3.039943124875132 , 1.0152182056822576 , 0.35500000000000004 ;	2.1057657320021246 , 0.8336361909565235 , 0.645 ;	2.127809425613025 , 1.1426109600637877 , 0.645 ;	2.1727293123405524 , 1.8095790771972387 , 0.645 ;	2.984274611437836 , 1.7725652732577242 , 0.355 ;	2.9800296720465465 , 1.2988006935568692 , 0.355 ;	1.76676189118772 , 1.1408415926134134 , 0.645 ; ]; 

% 2018_02_13_14_26_42 : 
pixels_2D_cam_603_2018_02_13=[  pixels_2D_cam_603_2018_02_13 ; ...
	283.9630633921947 , 253.7469943355897 ;	215.29681655990137 , 191.59010008900086 ;	197.62582438901683 , 175.61083350402834 ;	165.25557137738664 , 149.73559556198558 ;	146.02748824930725 , 136.86794526236048 ;	114.9397264167438 , 140.41553933720868 ;	110.91476985231238 , 94.2498281344162 ;	134.4937478327201 , 90.6611451535332 ;	171.48116568506288 , 98.86000109635596 ;	211.83860001279288 , 111.12248156836299 ;	253.18745218712525 , 128.47957618001416 ;	250.47805294882414 , 134.275818481531 ;	280.09388388628423 , 148.38105838208605 ;	281.02267122091587 , 185.1836616752133 ;	325.4563386895793 , 170.18354444826693 ;	301.8987036963052 , 196.32757901732919 ;	254.3060324351829 , 256.5828147173296 ;	214.44339780380582 , 221.06351272787373 ;	150.16233184203733 , 163.94025004558839 ;	216.96198628505496 , 153.26884178057537 ;	256.15244254292986 , 175.61096986110653 ;	155.64065461479385 , 255.64133818102337 ;	54.94332586769384 , 113.21518493391063 ;	173.8981793883813 , 110.56648280911712 ;	163.17652186879823 , 136.42078382320875 ;	179.75856695613837 , 140.4189346807622 ;	195.93130378495763 , 114.53611391201234 ;	128.44707695781736 , 118.13602078559452 ;	118.48296170542203 , 147.74056609688475 ;	63.10541835006988 , 121.15109666427385 ;	78.39341111920012 , 121.33473206410288 ;	71.71575829259469 , 149.05503654699305 ;	140.75785273074916 , 143.916733831248 ;	206.52878717438335 , 157.28339992125353 ;	189.61270329267234 , 187.78871731650148 ;	313.27522694488994 , 216.65267604239165 ;	328.2585375712478 , 212.86647236417497 ; ]; 
% 2018_02_13_14_26_42 : 
 points_3D_cam_603_2018_02_13 = [   points_3D_cam_603_2018_02_13  ;  ...  
	2.2805177137104407 , 0.854820463270396 , 0.6449999999999999 ;	2.3495226371627354 , 1.3551774162027492 , 0.645 ;	2.3597011532265317 , 1.5626803415015502 , 0.6449999999999999 ;	2.380267485378968 , 1.9775255251136912 , 0.645 ;	2.370649971964656 , 2.1733825649119094 , 0.645 ;	2.1126447543666838 , 2.3304785910632115 , 0.6450000000000001 ;	2.747110777221334 , 3.148356510090081 , 0.645 ;	2.993442967679999 , 3.0470138101979374 , 0.645 ;	3.092703552401118 , 2.5369650723470887 , 0.645 ;	3.160140356548128 , 2.111730434798945 , 0.645 ;	3.1339125181940464 , 1.6158178617470196 , 0.645 ;	3.0452857887970373 , 1.528456994038181 , 0.645 ;	3.0425206799571374 , 1.2595714872237482 , 0.6449999999999999 ;	3.042619123055785 , 1.2011455486320868 , 0.3549999999999999 ;	3.020856895193806 , 0.8866269313416101 , 0.6450000000000001 ;	3.039943124875132 , 1.0152182056822576 , 0.35500000000000004 ;	2.1057657320021246 , 0.8336361909565235 , 0.645 ;	2.127809425613025 , 1.1426109600637877 , 0.645 ;	2.1727293123405524 , 1.8095790771972387 , 0.645 ;	2.984274611437836 , 1.7725652732577242 , 0.355 ;	2.9800296720465465 , 1.2988006935568692 , 0.355 ;	1.76676189118772 , 1.1408415926134134 , 0.645 ;	2.2332095988068885 , 3.632017745160013 , 0.3549999999999999 ;	2.9176821541444307 , 2.247004323603115 , 0.645 ;	2.862190870482056 , 2.3645658710474295 , 0.355 ;	2.9112742711071706 , 2.228145858695202 , 0.355 ;	3.021148616102601 , 2.1084779506166935 , 0.6450000000000001 ;	2.490337479391139 , 2.4534617766122255 , 0.645 ;	2.378497488064043 , 2.51973255705093 , 0.355 ;	2.0347915407325767 , 2.73621488767807 , 0.645 ;	2.219650128951375 , 2.663038546198076 , 0.645 ;	2.1624275937277386 , 2.779767212182828 , 0.355 ;	2.4154147025919266 , 1.9908383005616839 , 0.645 ;	2.661928385538659 , 1.5742402427593272 , 0.645 ;	2.5947995038145653 , 1.6855672980445213 , 0.355 ;	2.9750171123071385 , 0.7510680849241018 , 0.355 ;	3.055064861386866 , 0.7112961616168827 , 0.355 ; ]; 

% 2018_02_13_20_00_19 : 
